"","Time","Immigration","Reform UK","Labour Party","Conservative Party","Scottish National Party","Liberal Democrats","Inflation","UK Independence Party","breakdBpl","breakpukip","breakpukipl","RefUKip"
"1",2004-01-01,29,0,8,6,1,2,8,0,0,0,0,0
"2",2004-02-01,28,0,7,6,1,3,7,1,0,0,0,1
"3",2004-03-01,26,0,7,5,1,2,10,1,0,0,0,1
"4",2004-04-01,29,0,6,5,1,2,9,1,0,0,0,1
"5",2004-05-01,29,0,7,6,1,3,7,5,0,0,0,5
"6",2004-06-01,24,0,8,7,1,5,7,12,0,0,0,12
"7",2004-07-01,27,0,5,4,1,3,5,2,0,0,0,2
"8",2004-08-01,27,0,5,3,1,2,5,1,0,0,0,1
"9",2004-09-01,26,0,10,6,1,4,6,1,0,0,0,1
"10",2004-10-01,24,0,8,7,1,3,6,4,0,0,0,4
"11",2004-11-01,23,0,7,5,1,2,7,2,0,0,0,2
"12",2004-12-01,21,0,6,4,0,2,7,1,0,0,0,1
"13",2005-01-01,25,0,8,6,1,3,7,2,0,0,0,2
"14",2005-02-01,27,0,8,6,1,3,7,2,0,0,0,2
"15",2005-03-01,26,0,9,7,1,4,8,1,0,0,0,1
"16",2005-04-01,27,0,28,28,2,20,8,6,0,0,0,6
"17",2005-05-01,26,0,17,16,2,13,6,4,0,0,0,4
"18",2005-06-01,22,0,4,3,0,2,5,1,0,0,0,1
"19",2005-07-01,21,0,4,3,0,2,5,0,0,0,0,0
"20",2005-08-01,24,0,4,2,1,2,5,1,0,0,0,1
"21",2005-09-01,23,0,7,4,1,3,5,0,0,0,0,0
"22",2005-10-01,23,0,5,7,1,2,6,1,0,0,0,1
"23",2005-11-01,22,0,6,5,1,2,7,1,0,0,0,1
"24",2005-12-01,18,0,4,6,0,2,5,1,0,0,0,1
"25",2006-01-01,21,0,5,5,1,6,7,1,0,0,0,1
"26",2006-02-01,20,0,5,4,1,4,6,1,0,0,0,1
"27",2006-03-01,22,0,6,4,1,3,7,1,0,0,0,1
"28",2006-04-01,21,0,5,4,1,3,6,1,0,0,0,1
"29",2006-05-01,20,0,6,5,1,3,6,1,0,0,0,1
"30",2006-06-01,19,0,3,3,1,2,4,1,0,0,0,1
"31",2006-07-01,20,0,3,3,1,2,4,1,0,0,0,1
"32",2006-08-01,20,0,3,3,1,2,4,1,0,0,0,1
"33",2006-09-01,21,0,8,6,1,3,5,1,0,0,0,1
"34",2006-10-01,18,0,5,6,1,2,5,1,0,0,0,1
"35",2006-11-01,19,0,4,4,1,2,6,1,0,0,0,1
"36",2006-12-01,16,0,3,3,1,2,5,1,0,0,0,1
"37",2007-01-01,21,0,3,3,1,2,9,1,0,0,0,1
"38",2007-02-01,18,0,4,3,1,2,7,1,0,0,0,1
"39",2007-03-01,18,0,4,4,1,2,7,1,0,0,0,1
"40",2007-04-01,19,0,5,4,3,3,7,1,0,0,0,1
"41",2007-05-01,19,0,6,5,5,4,6,1,0,0,0,1
"42",2007-06-01,19,0,5,3,1,2,5,1,0,0,0,1
"43",2007-07-01,18,0,4,4,1,2,5,1,0,0,0,1
"44",2007-08-01,19,0,3,2,1,1,5,1,0,0,0,1
"45",2007-09-01,17,0,5,4,1,2,5,1,0,0,0,1
"46",2007-10-01,20,0,4,5,1,3,6,1,0,0,0,1
"47",2007-11-01,19,0,4,4,1,2,7,1,0,0,0,1
"48",2007-12-01,16,0,3,2,1,2,6,1,0,0,0,1
"49",2008-01-01,22,0,3,3,1,2,7,1,0,0,0,1
"50",2008-02-01,23,0,3,3,1,2,7,1,0,0,0,1
"51",2008-03-01,23,0,3,3,1,2,8,1,0,0,0,1
"52",2008-04-01,22,0,4,3,1,2,8,1,0,0,0,1
"53",2008-05-01,19,0,4,5,1,2,7,1,0,0,0,1
"54",2008-06-01,19,0,3,3,1,2,8,1,0,0,0,1
"55",2008-07-01,19,0,3,2,1,1,7,1,0,0,0,1
"56",2008-08-01,17,0,2,2,1,1,6,1,0,0,0,1
"57",2008-09-01,20,0,6,4,1,2,7,1,0,0,0,1
"58",2008-10-01,17,0,3,3,1,2,7,1,0,0,1,1
"59",2008-11-01,17,0,3,3,1,2,7,1,0,0,1,1
"60",2008-12-01,14,0,2,2,0,1,5,0,0,0,1,0
"61",2009-01-01,18,0,3,3,1,2,6,1,0,0,1,1
"62",2009-02-01,16,0,3,3,1,2,6,1,0,0,1,1
"63",2009-03-01,17,0,3,3,1,2,7,1,0,0,1,1
"64",2009-04-01,16,0,3,3,1,2,5,1,0,0,1,1
"65",2009-05-01,15,0,4,7,1,3,5,6,0,0,1,6
"66",2009-06-01,15,0,5,6,1,4,4,7,0,0,1,7
"67",2009-07-01,14,0,2,3,1,1,3,1,0,0,1,1
"68",2009-08-01,15,0,2,2,1,1,3,1,0,0,1,1
"69",2009-09-01,15,0,5,4,1,2,4,1,0,0,1,1
"70",2009-10-01,16,0,4,7,1,2,4,1,0,0,1,1
"71",2009-11-01,15,0,3,4,1,2,5,1,0,0,1,1
"72",2009-12-01,12,0,2,3,1,1,4,1,0,0,1,1
"73",2010-01-01,16,0,3,4,0,2,5,1,0,0,1,1
"74",2010-02-01,17,0,4,5,1,2,6,2,0,0,1,2
"75",2010-03-01,16,0,6,6,1,4,6,2,0,0,1,2
"76",2010-04-01,17,0,21,25,2,25,5,9,0,0,1,9
"77",2010-05-01,17,0,21,30,2,22,6,7,0,0,1,7
"78",2010-06-01,16,0,4,3,0,2,5,1,0,0,1,1
"79",2010-07-01,14,0,3,2,0,2,4,1,0,0,1,1
"80",2010-08-01,13,0,3,2,0,1,4,1,0,0,1,1
"81",2010-09-01,13,0,9,3,0,3,5,1,0,0,1,1
"82",2010-10-01,13,0,5,4,1,2,5,1,0,0,1,1
"83",2010-11-01,14,0,3,3,0,2,6,1,0,0,1,1
"84",2010-12-01,12,0,3,2,0,2,5,1,0,0,1,1
"85",2011-01-01,14,0,3,3,0,2,6,1,0,0,1,1
"86",2011-02-01,13,0,3,3,1,2,6,1,0,0,1,1
"87",2011-03-01,14,0,3,3,1,3,6,1,0,0,1,1
"88",2011-04-01,13,0,3,3,2,2,5,2,0,0,1,2
"89",2011-05-01,12,0,4,3,4,3,6,1,0,0,1,1
"90",2011-06-01,13,0,2,2,1,1,5,1,0,0,1,1
"91",2011-07-01,13,0,2,2,1,1,4,1,0,0,1,1
"92",2011-08-01,12,0,2,2,1,1,4,1,0,0,1,1
"93",2011-09-01,12,0,4,3,1,3,5,1,0,0,1,1
"94",2011-10-01,12,0,3,3,1,1,5,1,0,0,1,1
"95",2011-11-01,12,0,3,3,1,1,6,1,0,0,1,1
"96",2011-12-01,9,0,2,2,1,1,5,1,0,0,1,1
"97",2012-01-01,12,0,3,3,1,1,5,1,0,0,1,1
"98",2012-02-01,12,0,3,2,1,1,5,1,0,0,1,1
"99",2012-03-01,11,0,3,3,1,2,6,1,0,0,1,1
"100",2012-04-01,12,0,3,2,1,2,5,2,0,0,1,2
"101",2012-05-01,11,0,4,2,1,2,5,2,0,0,1,2
"102",2012-06-01,13,0,2,2,1,1,4,1,0,0,1,1
"103",2012-07-01,11,0,2,1,0,1,3,1,0,0,1,1
"104",2012-08-01,11,0,2,1,0,1,3,1,0,0,1,1
"105",2012-09-01,11,0,3,2,1,2,4,2,0,0,1,2
"106",2012-10-01,11,0,4,3,1,1,4,1,0,0,1,1
"107",2012-11-01,11,0,3,4,1,1,4,6,0,0,1,6
"108",2012-12-01,10,0,2,2,0,1,4,3,0,0,1,3
"109",2013-01-01,13,0,2,2,1,1,5,3,0,0,1,3
"110",2013-02-01,12,0,3,2,1,2,5,3,0,0,1,3
"111",2013-03-01,13,0,3,2,1,2,5,6,0,0,1,6
"112",2013-04-01,12,0,4,3,1,1,5,7,0,0,1,7
"113",2013-05-01,12,0,3,2,1,1,5,18,0,0,1,18
"114",2013-06-01,11,0,2,2,0,1,3,3,0,0,1,3
"115",2013-07-01,11,0,3,1,0,1,3,2,0,0,1,2
"116",2013-08-01,11,0,2,1,0,1,3,3,0,0,1,3
"117",2013-09-01,11,0,4,3,1,2,3,4,0,0,1,4
"118",2013-10-01,13,0,3,3,1,1,4,3,0,0,1,3
"119",2013-11-01,12,0,3,2,1,1,5,3,0,0,1,3
"120",2013-12-01,10,0,2,2,1,1,4,3,0,0,1,3
"121",2014-01-01,14,0,3,2,1,2,5,6,0,0,1,6
"122",2014-02-01,13,0,3,2,1,1,5,4,0,0,1,4
"123",2014-03-01,13,0,3,2,1,2,6,5,0,0,1,5
"124",2014-04-01,12,0,3,2,1,1,5,15,0,0,1,15
"125",2014-05-01,14,0,8,4,1,4,5,65,0,0,1,65
"126",2014-06-01,12,0,3,2,1,1,4,8,0,0,1,8
"127",2014-07-01,12,0,3,2,1,1,3,3,0,0,1,3
"128",2014-08-01,11,0,3,2,1,1,3,4,0,0,1,4
"129",2014-09-01,12,0,6,4,8,2,4,8,0,0,1,8
"130",2014-10-01,13,0,4,3,3,2,4,18,0,0,1,18
"131",2014-11-01,14,0,4,2,3,2,5,12,0,0,1,12
"132",2014-12-01,12,0,3,2,2,1,4,12,0,0,1,12
"133",2015-01-01,13,0,4,3,2,2,6,9,0,0,1,9
"134",2015-02-01,12,0,5,3,2,2,6,14,0,0,1,14
"135",2015-03-01,13,0,8,5,4,3,6,14,0,0,1,14
"136",2015-04-01,16,0,20,15,11,9,5,38,0,0,1,38
"137",2015-05-01,19,0,37,35,17,13,5,41,0,0,1,41
"138",2015-06-01,16,0,6,3,3,2,4,4,0,0,1,4
"139",2015-07-01,13,0,10,2,3,2,3,3,0,0,1,3
"140",2015-08-01,16,0,17,2,2,1,3,2,0,0,1,2
"141",2015-09-01,21,0,24,3,2,2,4,4,0,0,1,4
"142",2015-10-01,14,0,5,4,2,1,4,2,0,0,1,2
"143",2015-11-01,14,0,5,3,2,1,4,3,0,0,1,3
"144",2015-12-01,10,0,5,2,2,1,4,3,0,0,1,3
"145",2016-01-01,14,0,4,2,2,1,5,2,0,0,1,2
"146",2016-02-01,14,0,4,3,2,1,5,3,0,0,1,3
"147",2016-03-01,14,0,4,3,2,1,5,3,0,0,1,3
"148",2016-04-01,13,0,5,3,2,2,5,4,0,0,1,4
"149",2016-05-01,14,0,6,3,3,2,5,5,0,0,1,5
"150",2016-06-01,27,0,19,7,3,3,4,9,0,0,1,9
"151",2016-07-01,14,0,25,7,2,2,3,5,0,0,1,5
"152",2016-08-01,11,0,9,1,1,1,3,3,0,0,1,3
"153",2016-09-01,11,0,14,2,2,2,3,3,0,0,1,3
"154",2016-10-01,13,0,4,3,2,1,5,8,0,0,1,8
"155",2016-11-01,15,0,7,4,2,2,6,3,0,0,1,3
"156",2016-12-01,11,0,5,3,2,2,4,3,0,0,1,3
"157",2017-01-01,17,0,6,3,2,2,5,2,0,0,1,2
"158",2017-02-01,17,0,7,4,3,2,6,4,0,0,1,4
"159",2017-03-01,16,0,6,6,5,2,7,2,0,0,1,2
"160",2017-04-01,12,0,16,10,4,11,5,5,0,0,1,5
"161",2017-05-01,14,0,53,38,7,15,5,8,0,0,1,8
"162",2017-06-01,14,0,95,66,12,18,5,10,0,0,1,10
"163",2017-07-01,11,0,10,6,1,2,4,2,0,1,1,2
"164",2017-08-01,11,0,7,3,1,1,4,1,0,1,1,1
"165",2017-09-01,12,0,11,6,1,2,5,3,0,1,1,3
"166",2017-10-01,11,0,7,9,2,1,6,2,0,1,1,2
"167",2017-11-01,11,0,8,6,2,1,5,1,0,1,1,1
"168",2017-12-01,9,0,5,4,1,1,5,1,0,1,1,1
"169",2018-01-01,13,0,7,6,1,1,6,5,0,1,1,5
"170",2018-02-01,13,0,7,4,1,1,6,2,0,1,1,2
"171",2018-03-01,12,0,8,4,1,1,6,1,0,1,1,1
"172",2018-04-01,14,0,9,5,1,2,6,1,0,1,1,1
"173",2018-05-01,13,0,9,5,2,3,5,2,0,1,1,2
"174",2018-06-01,14,0,7,3,3,1,4,1,0,1,1,1
"175",2018-07-01,12,0,7,5,1,1,4,2,0,1,1,2
"176",2018-08-01,10,0,6,3,1,1,4,1,0,1,1,1
"177",2018-09-01,11,0,10,4,1,2,5,2,0,1,1,2
"178",2018-10-01,11,0,6,4,2,1,5,1,0,1,1,1
"179",2018-11-01,12,0,6,4,1,1,5,2,0,1,1,2
"180",2018-12-01,11,0,7,6,2,2,4,2,0,1,1,2
"181",2019-01-01,14,0,8,5,2,2,6,2,0,1,1,2
"182",2019-02-01,12,0,15,5,2,2,5,2,0,1,1,2
"183",2019-03-01,11,1,10,7,2,2,6,2,0,1,1,3
"184",2019-04-01,10,12,9,7,2,3,5,4,0,1,1,16
"185",2019-05-01,10,28,12,12,3,13,5,6,0,1,1,34
"186",2019-06-01,10,4,9,21,1,3,4,1,0,1,1,5
"187",2019-07-01,11,3,10,11,2,5,5,1,0,1,1,4
"188",2019-08-01,12,2,7,5,1,3,4,1,0,1,1,3
"189",2019-09-01,12,4,16,13,2,9,5,1,0,1,1,5
"190",2019-10-01,12,3,13,8,3,6,5,1,0,1,1,4
"191",2019-11-01,12,9,58,28,5,19,5,2,0,1,1,11
"192",2019-12-01,12,6,74,52,10,16,4,2,0,1,1,8
"193",2020-01-01,12,1,22,5,2,2,5,0,0,1,1,1
"194",2020-02-01,15,1,15,5,3,1,6,0,0,1,1,1
"195",2020-03-01,10,0,10,4,2,1,5,0,0,1,1,0
"196",2020-04-01,9,0,19,5,1,1,5,0,0,1,1,0
"197",2020-05-01,10,0,10,6,2,1,5,0,0,1,1,0
"198",2020-06-01,12,0,8,6,1,1,4,1,0,1,1,1
"199",2020-07-01,11,0,6,4,2,1,4,0,0,1,1,0
"200",2020-08-01,13,0,5,6,2,2,4,0,0,1,1,0
"201",2020-09-01,11,0,6,4,2,1,5,0,0,1,1,0
"202",2020-10-01,11,0,8,5,3,1,5,0,0,1,1,0
"203",2020-11-01,11,0,7,5,2,1,5,1,0,1,1,1
"204",2020-12-01,10,0,5,3,2,1,4,0,0,1,1,0
"205",2021-01-01,11,0,5,4,3,1,6,1,0,1,1,1
"206",2021-02-01,10,0,6,3,5,1,6,0,0,1,1,0
"207",2021-03-01,11,0,6,4,6,2,7,0,0,1,1,0
"208",2021-04-01,9,1,7,4,5,2,6,1,0,1,1,2
"209",2021-05-01,11,1,12,7,8,3,7,1,0,1,1,2
"210",2021-06-01,10,0,5,2,2,2,6,0,0,1,1,0
"211",2021-07-01,10,0,5,2,2,1,6,0,0,1,1,0
"212",2021-08-01,10,0,4,2,2,1,5,0,0,1,1,0
"213",2021-09-01,10,0,9,3,3,1,7,0,0,1,1,0
"214",2021-10-01,10,0,7,6,2,1,8,0,0,1,1,0
"215",2021-11-01,12,0,6,4,2,1,9,0,0,1,1,0
"216",2021-12-01,9,1,6,5,2,3,8,0,0,1,1,1
"217",2022-01-01,10,0,10,6,2,1,12,0,0,1,1,0
"218",2022-02-01,11,0,8,5,2,1,13,0,0,1,1,0
"219",2022-03-01,11,0,6,5,2,1,15,0,0,1,1,0
"220",2022-04-01,13,0,9,7,2,2,13,0,0,1,1,0
"221",2022-05-01,12,0,11,8,3,4,15,1,0,1,1,1
"222",2022-06-01,13,0,6,5,3,2,16,0,0,1,1,0
"223",2022-07-01,11,0,10,25,2,2,13,0,0,1,1,0
"224",2022-08-01,11,0,5,7,2,1,18,0,0,1,1,0
"225",2022-09-01,12,0,12,9,2,2,15,0,0,1,1,0
"226",2022-10-01,13,1,13,18,2,2,16,1,0,1,1,2
"227",2022-11-01,15,2,6,5,2,1,14,0,0,1,1,2
"228",2022-12-01,12,1,5,4,2,1,12,0,0,1,1,1
"229",2023-01-01,12,1,6,5,2,1,14,0,1,1,1,1
"230",2023-02-01,13,1,7,4,8,1,13,0,1,1,1,1
"231",2023-03-01,19,1,6,4,12,1,14,0,1,1,1,1
"232",2023-04-01,12,1,7,3,10,2,12,0,1,1,1,1
"233",2023-05-01,15,1,8,5,4,3,14,1,1,1,1,2
"234",2023-06-01,14,1,6,3,5,1,15,0,1,1,1,1
"235",2023-07-01,15,1,6,2,3,2,13,0,1,1,1,1
"236",2023-08-01,15,1,4,2,3,1,12,0,1,1,1,1
"237",2023-09-01,15,1,7,3,2,2,12,0,1,1,1,1
"238",2023-10-01,13,2,10,6,3,2,12,0,1,1,1,2
"239",2023-11-01,15,2,9,5,3,2,14,1,1,1,1,3
"240",2023-12-01,21,2,5,3,2,1,11,0,1,1,1,2
"241",2024-01-01,17,3,7,3,2,2,13,0,1,1,1,3
"242",2024-02-01,18,4,11,3,3,2,16,0,1,1,1,4
"243",2024-03-01,17,5,10,4,2,2,14,1,1,1,1,6
"244",2024-04-01,17,4,10,5,4,3,13,0,1,1,1,4
"245",2024-05-01,16,8,31,9,3,7,12,1,1,1,1,9
"246",2024-06-01,16,37,50,15,4,15,10,2,1,1,1,39
"247",2024-07-01,22,32,100,20,7,15,9,1,1,1,1,33
"248",2024-08-01,28,3,22,3,1,1,9,0,1,1,1,3
"249",2024-09-01,19,3,25,7,1,2,9,0,1,1,1,3
"250",2024-10-01,18,2,20,9,1,1,10,0,1,1,1,2
"251",2024-11-01,21,3,15,8,1,1,11,0,1,1,1,3
"252",2024-12-01,19,9,11,3,1,1,9,0,1,1,1,9
"253",2025-01-01,22,9,15,3,1,1,12,0,1,1,1,9
"254",2025-02-01,25,11,12,3,1,1,12,0,1,1,1,11
"255",2025-03-01,22,8,12,3,1,1,12,1,1,1,1,9
"256",2025-04-01,21,9,11,2,1,2,11,1,1,1,1,10
"257",2025-05-01,34,24,13,3,1,2,10,1,1,1,1,25
"258",2025-06-01,24,8,10,2,1,1,9,0,1,1,1,8
"259",2025-07-01,29,7,10,2,1,1,9,0,1,1,1,7
"260",2025-08-01,31,9,10,2,1,1,10,1,1,1,1,10
"261",2025-09-01,35,15,18,3,1,3,10,1,1,1,1,16
"262",2025-10-01,26,11,11,5,1,2,11,1,1,1,1,12
"263",2025-11-01,33,8,11,3,1,2,13,1,1,1,1,9
"264",2025-12-01,27,8,7,2,1,1,16,0,1,1,1,8
"265",2026-01-01,31,13,8,4,1,2,15,2,1,1,1,15
"266",2026-02-01,37,12,12,3,1,2,16,1,1,1,1,13
"267",2026-03-01,28,9,9,3,1,2,20,1,1,1,1,10
"268",2026-04-01,26,11,11,3,2,3,14,0,1,1,1,11
